61   89 215 32.3595505618
28   117.7 226 28.207306712
33   90.3 190 29.5681063123
40   104.1 235 27.5696445725
71   72.8 95 21.8406593407
76   63.7 144 34.0659340659
62   70.2 116 22.792022792
57   85.2 228 36.6197183099
49   80.1 290 50.4369538077
60   76.9 110.5 24.0572171651
36   98.2 250 34.9287169043
52   92.9 432 54.6824542519
56   86.7 156 26.6435986159
60   86 220 40.3488372093
61   90.3 125 24.584717608
70   55.7 55 18.3123877917
53   107 106 15.6074766355
63   88.2 121 21.3095238095
44   66.2 166 35.8006042296
60   85.2 183 31.9248826291
70   87 105 17.1264367816
43   96.9 195 31.3725490196
19   79.6 197 31.5326633166
41   88.3 174 34.8810872027
76   94.2 89 16.2420382166
58   86.2 130 24.4779582367
71   100.7 110 14.3992055611
36   54.1 110 25.3234750462
69   63.9 113 25.5086071987
40   81.6 216 39.9509803922
60   71.1 79 18.5654008439
62   103.5 205 32.6570048309
59   76.2 142 32.4146981627
81   74.6 75 19.3672922252
51   86.3 227 34.7624565469
48   102.6 230 29.4346978558
24   78.3 300 57.5989782886
18   81.4 250 45.4545454545
60   76.8 97 18.6197916667
36   98.1 222 31.6
23   80 250 45.375
57   82.4 125 21.7233009709
68   94 102 17.7489361702
27   108 173 24.4
79   90 140 22.2222222222
58   82.5 121 24.4848484848
79   100.6 48 9.5427435388
68   86.2 100 18.909512761
31   94.1 202 34.1126461211
43   79.3 390 60.4035308953
52   77.4 195 31.2015503876
53   79 200 40.1265822785
89   69.7 48 12.4820659971
70   122 108 15.1639344262
61   68.7 140 33.4788937409
66   93.8 90 15.0319829424
49   81.6 250 49.2647058824
56   65.8 140 32.6747720365
66   82.6 132 21.7917675545
56   75.9 164 27.4044795784
38   80 270 48.25
59   71.3 161 33.5203366059
29   74 218 34.7297297297
65   70 97 22.2857142857
58   178.9 165 17.6634991615
50   97.8 318 39.3660531697
58   76.3 113 20.1834862385
61   122.8 210 29.8045602606
73   87.1 85 16.07347876
52   72.5 194 37.9862068966
67   72.4 170 34.8066298343
36   83.6 238 41.985645933
62   97 120 17.9381443299
56   83.5 229 34.371257485
40   73.1 165 25.1764705882
29   86.1 300 47.1544715447
78   87.9 137.5 27.0762229807
36   89.7 236 35.005574136
25   74.8 216 43.2
48   84 292 47.380952381
70   81.7 130 25.3365973072
40   103.2 193 27.6162790698
75   70.4 55 10.0852272727
29   72.5 222 50.4827586207
50   86.7 128 22.3760092272
63   93.4 114 21.3062098501
37   106.2 203 27.4952919021
71   78.1 129 26.2483994878
63   94.9 93 16.4383561644
35   70.8 184 29.0960451977
59   91.4 208 35.1203501094
35   118.6 166 23.9460370995
68   98.3 87.5 17.3957273652
49   129.8 312 34.8228043143
42   116 222 26.3793103448
31   101.8 176 24.7544204322
50   121.7 145 18.4059161873
77   70.7 45 12.0226308345
44   75 190 29.1866666667
76   105.5 65 11.7535545024
60   98.6 172 24.8123732252
85   81.4 41 11.3022113022
39   74.6 255 37.9356568365
40   84.4 248 45.2606635071
55   69.5 245 45.4676258993
50   127.5 137.5 13.1090196078
59   88.5 129 19.6610169492
30   106.3 248 38.4760112888
33   113.5 175 22.6960352423
52   78.3 225 38.8250319285
64   127.7 128 16.8363351605
54   74.4 170 33.3333333333
56   73.2 154 29.5081967213
65   100.3 201 29.8354935194
26   77.5 211 37.4193548387
47   116.3 130 16.852966466
33   107.3 314 38.6766076421
49   73.9 165 32.3410013532
65   85.7 135 22.52042007
35   80 208 31.75
41   83 184.5 28.5542168675
46   80 217 35.875
70   79.7 97 19.991217064
43   83.3 184 30.612244898
23   78.6 185 31.9338422392
27   70.7 148 29.2786421499
51   86.5 250 41.7341040462
21   100.1 270 41.7582417582
37   77.3 216 32.4708926261
29   95 248 30.1052631579
44   66.2 270 51.0574018127
61   70.7 94 20.2263083451
59   79.5 212 33.3333333333
49   109 270 34.9541284404
70   102.7 134 21.8
59   90.9 161 28.3828382838
43   68.9 142 30.0435413643
74   80.7 40 10.2850061958
54   108.5 142 20.7373271889
64   79.7 89 19.6988707654
52   88.8 168 24.6621621622
69   87.7 140 23.3751425314
49   84.3 216 38.315539739
39   101.4 172 25.1479289941
84   86.2 69 11.0208816705
46   84.6 194 33.451536643
55   90.5 130 22.9834254144
36   72.8 350 56.1813186813
59   81.5 152 25.0760736196
70   60.9 135 32.183908046
55   131.1 147 17.9252479024
63   78.6 199 33.0788804071
37   86.7 240 42.675893887
69   85.7 129 20.6534422404
68   68.4 142 34.7953216374
49   100.1 190 31.6483516484
55   95 219 35.4736842105
32   73.4 230 45.9128065395
20   83.8 325 53.8186157518
52   94.8 133 21.0970464135
55   94.3 148 24.6023329799
44   67 155 32.2388059701
34   80.7 260 42.8748451053
45   87 320 41.2643678161
58   71.4 94 24.2
79   87 73 14.7126436782
64   117.4 113 14.7359454855
40   94.1 194 32.2
39   72.8 205 37.0879120879
31   81.9 240 39.8717948718
37   122 160 22.6229508197
66   83.5 123 25.1592814371
40   87.3 265 40.8934707904
35   98.7 183 26.1398176292
45   86.7 222 35
44   92.5 143 24
63   77 150 31.2987012987
42   86.9 230 36.8239355581
64   96.8 81 12.0402892562
46   116.7 204 25.1928020566
29   78.3 130 25.5427841635
39   72.3 165 32.7800829876
65   62.7 95 22.1690590112
57   101.8 212 28.4872298625
59   84.8 155 27.0047169811
68   111.4 105 15.170556553
62   73.5 180 43.6734693878
72   79 64 15.3164556962
44   84.9 248 43.5806831567
30   61.2 118 27.1241830065
54   66.1 183 46.7473524962
66   92.1 149 24.3213897937
56   67.9 120 27.8350515464
42   97.8 280 41.2065439673
45   67.1 202 41.4307004471
62   84.9 130 24.4994110718
76   79.6 75 17.2110552764
87   46.8 34 16.2393162393
71   73.7 79 16.1465400271
63   82.2 148 30.0486618005
61   91.2 138 22.2587719298
56   104.5 128 20.7655502392
34   99 302 44.0404040404
54   84.9 191 34.628975265
23   87.8 220 32.6879271071
48   80.6 367 57.8163771712
69   109.1 120 18.3318056829
64   86 129 25.1162790698
64   95.4 198 30.0262054507
49   81.1 256 38.3477188656
57   93.5 183 23.422459893
68   121.6 118 17.7039473684
68   75 185 28.8
46   124.4 260 32.154340836
52   103.6 175 27.1235521236
49   86.5 240 35.6069364162
44   110.9 230 29.9368800721
83   64.2 70 18.0685358255
30   76.7 370 58.7170795306
52   83.6 226 40.7894736842
59   78.9 157 24.4613434728
64   89.9 110 19.6885428254
43   83.2 175 26.8028846154
61   105 130 20.2857142857
59   98.6 144 18.2099391481
63   80.7 60 14.2503097893
40   79.2 336 51.1
30   52.4 177 41.6030534351
59   90.4 156 22.1460176991
33   75.4 193 32.625994695
69   67.1 97 24.1430700447
19   62.7 220 45.6140350877
50   87 165 31.8390804598
59   75.7 81 17.7014531044
55   85.1 118 22.2091656874
24   154.6 236 28.978007762
32   74.6 196 32.9758713137
62   73 106 20.1
35   96.2 250 32.3284823285
58   94.1 170 22.3166843783
63   81.2 138 20.5665024631
42   77.1 221 35.6679636835
32   81.6 173 29.6568627451
51   63.1 230 40.8874801902
46   77.8 247 46.4010282776
85   70.2 45 9.8717948718
45   110.1 222 35.2406902816
75   76.2 99 22.467191601
63   72.6 155 29.305785124
45   105.2 260 34.5342205323
54   80.1 180 27.5905118602
41   95.6 205 28.6610878661
38   106.1 121 16.9651272385
53   78.2 102 23.9130434783
53   81.8 245 40.5623471883
48   87 183 27.816091954
36   81.1 250 33.4155363748
59   92.7 115 18.3926645092
50   90.3 188 29.2358803987
43   70.6 250 44.171388102
27   73.7 195 31.8
64   78.8 140 29.4416243655
46   62 100 34.0322580645
41   105.9 237 32.5637393768
44   102 204 29.0196078431
66   91.9 136 24.3743199129
65   77.4 167 28.9405684755
57   71.3 115 25.9467040673
61   60.2 85 23.2558139535
48   111 210 26.7567567568
47   90.1 260 38.5738068812
57   97.8 144 19.1206543967
69   76.9 234 43.433029909
48   82.3 194 29.6476306197
66   65.9 91 18.5128983308
75   88.5 61 12.8813559322
65   85.6 205 33.2943925234
44   94.6 139.5 23.6395348837
55   72.5 130 26.2068965517
74   70.5 63 8.8936170213
46   95.5 210 32.8795811518
49   75.9 162 33.9920948617
49   78.1 275 47.7592829706
43   103.1 211 34.5295829292
49   91.8 197 29.3954248366
68   85 93 19.7647058824
59   80.6 157 29.0322580645
89   81.2 35 6.0344827586
66   96.2 121 22.2453222453
48   94.3 364 44.4326617179
50   84.8 294 42.8
54   71.3 208 44.7405329593
41   70.5 372 73.3333333333
69   98.2 130 19.2464358452
53   72.3 178 29.4605809129
44   81.8 148 28.239608802
79   68.9 95 26.7053701016
59   69.7 95 16.4992826399
68   79.1 165 27.9140328698
69   63.3 91 23.112164297
54   93.2 117 18.025751073
49   79.1 250 49.0518331226
79   60.2 44 15.2823920266
32   75.7 229 45.0462351387
44   84 194 34.5
34   89.3 300 43
44   65.3 284 57.4272588055
55   91.2 166 31.1403508772
65   83.5 123 21.5568862275
67   70.6 135 36.8271954674
62   59 190 45.0847457627
63   71.4 170 37.5350140056
65   88.6 182 30.6997742664
59   78.5 150 28.7898089172
46   87 216 34.8793103448
47   132.5 158 17.2830188679
41   105.6 180 24.4318181818
65   69.6 99 20.6537356322
47   60.3 126 23.3830845771
85   65.2 45 11.6564417178
33   105.1 196 28.6393910561
65   75 95 22.6666666667
55   75.1 174 39.6804260985
43   71.2 169 31.0393258427
65   122.6 80 11.1745513866
65   77 130 32.7272727273
66   72.3 105 21.7150760719
60   78.1 156 23.4314980794
47   66 183 35.303030303
29   77.2 290 48.8341968912
55   96.8 118 19.6280991736
24   119.7 243 27.5355054302
69   65.4 95 21.1926605505
19   76.6 210 35.5091383812
63   106.8 100 16.2921348315
39   101.7 237 37.069813176
53   65.3 170 40.7350689127
57   84.6 174 30.4964539007
40   80.8 220 42.0792079208
51   89.5 202 28.938547486
23   76.5 152 24.8366013072
24   66.6 128 26.2612612613
49   88.7 166 27.5084554679
49   76.2 242 46.1942257218
43   85.2 167 29.6948356808
74   79.3 70 19.5460277427
50   109.9 240 35.0318471338
55   86.5 170 34.9595375723
47   106.9 320 42.1889616464
46   95.1 184 26.8201892744
42   67.8 154 34.6607669617
64   79.4 173 29.3450881612
43   91 290 41.978021978
66   75.4 184 34.7480106101
63   92.8 102 20.7974137931
75   86.8 36 13.133640553
68   90.8 67 14.4273127753
61   88.5 228 35.8192090395
24   80.5 350 52.1739130435
67   83.6 120 27.7511961722
33   92.6 186 28.6177105832
68   69.1 145 32.7062228654
72   74 88 20.6756756757
41   92.3 350 48.1473456121
30   70.8 320 59.0395480226
42   104.1 178 24.111431316
57   79.3 208 38.9659520807
62   85.4 216 33.2552693208
45   80.7 220 43.990086741
34   64.2 200 40.6542056075
38   72 330 51.9444444444
53   105.8 136 16.3516068053
53   88.5 150 21.9209039548
67   120.6 137 18.5737976783
27   75.2 284 58.5106382979
33   56.1 264 68.128342246
58   73.5 138 28.1632653061
73   66.7 85 25.6371814093
68   84.8 67 10.7311320755
25   108.8 170 18.5018382353
30   60.5 137 38.7024793388
69   83.1 135 24.4283995187
76   82.3 50 12.7582017011
57   127.9 194 24.863174355
44   109.8 190 24.6812386157
30   71.3 244 47.9663394109
86   70.1 45 12.5534950071
62   109.1 140 18.5151237397
86   76.8 68 18.2291666667
57   101.4 172 27.1203155819
60   85.2 171 25
40   137.2 202 25.5102040816
61   76.1 169 32.1944809461
61   85.3 157 31.3997655334
41   116.6 250 29.9313893654
43   123.4 152 15.9643435981
51   70 102 26.5714285714
38   95.2 141 23.8445378151
77   95.2 118 21.218487395
43   81.8 204 36.4303178484
49   73 129 26.1780821918
53   84.3 220 39.2645314354
62   89.1 128 23.9057239057
39   87.3 250 43.4135166094
49   78.4 174 34.1836734694
76   79.1 126 27.9393173198
74   87.6 50 11.147260274
38   78.5 143 23.821656051
60   75.7 107 22.9590488771
58   76.3 173 33.1585845347
63   69.1 113 24.4645441389
48   91.5 180 29.7267759563
57   83.5 143 25.748502994
38   88.6 310 49.7562076749
58   88.6 174.5 30.3611738149
53   90.6 162 30.2428256071
40   77.3 182 36.8111254851
50   103.8 240 35.549132948
28   82.1 174 33.1303288672
56   99.8 137 20.2404809619
35   90.2 250 35.0332594235
76   82.6 58 13.4
74   81.5 98 18.3558282209
47   83.5 232 42.5
46   89.9 189 34.9944382647
72   89.8 88 18.1291759465
70   71.4 67 16.106442577
42   88.4 210 29.3382352941
46   81.3 184 36.5313653137
77   87.3 55 10.6529209622
47   82.6 174 33.4140435835
42   104.6 203 32.5047801147
39   69.7 350 59.6556671449
59   84.9 162 31.3309776207
60   79.6 102 17.0854271357
65   83.5 134 27.3053892216
79   83.7 73 17.5627240143
78   73.5 75 16.8707482993
49   87.9 266 37.3151308305
68   65.8 55 13.5258358663
36   75.6 220 40.7407407407
46   105.8 150 25.1086956522
35   78.3 191 27.7586206897
47   80.9 200 34.7342398022
53   102.6 165 24.269005848
64   72.3 88 21.438450899
54   104.6 172 26.4818355641
52   90.9 145 22.2222222222
32   102.6 220 27.3489278752
31   73.8 210 44.1734417344
59   77.1 183 36.7055771725
58   102.3 220 31.5738025415
46   91.8 195 26.688453159
59   97 120 23.0927835052
40   85.4 190 31.9
51   106.8 220 28.6516853933
51   105.5 260 32.9857819905
53   93 188 36.1290322581
42   74.3 157 30.0134589502
72   73.1 75 15.5950752394
51   99.3 280 41.6918429003
68   73.8 81 18.8346883469
55   83.1 179 36.2214199759
57   84.8 250 40.5660377358
48   129.6 230 26.6203703704
41   68.6 216 38.4839650146
40   96.2 179.5 23.9085239085
55   70.8 209 41.8079096045
80   89.8 50 12.3964365256
55   90.3 150 25.4706533776
57   83.7 183 29.5101553166
37   67.5 208 39.2
74   71.5 130 28.3916083916
57   81.8 145 19.2469437653
60   105.4 230 29.5066413662
52   76.8 238 38.9322916667
61   69.7 196 36.7575322812
64   96.6 162 23.8095238095
76   81.5 109 19.754601227
67   98.2 127 19.7556008147
42   74.7 265 45.515394913
64   85.2 95 17.1361502347
71   86.8 140 22.8110599078
42   127.2 240 26.4150943396
68   81.6 112 22.1
39   69.1 304 57.4529667149
63   91.8 69 16.7647058824
47   86.8 211 37.6728110599
59   107.3 115 17.4277726002
39   73.8 167 32.0216802168
66   85.3 168 24.0328253224
57   77.8 67 13.4961439589
81   71.2 49 14.3258426966
66   102.9 81 13.7026239067
38   91.2 184 27.5219298246
42   95 170 24.8421052632
52   69.9 184 30.9012875536
56   102.4 208 31.15234375
36   129.4 215 27.8207109737
38   64.7 95 21.3292117465
56   85.9 186 29.7
60   86.9 115 18.3947065593
63   78.2 184 29.2583120205
48   90.7 220 32.855567806
54   86.3 235 37.775202781
35   89.1 166 25.4769921437
68   68 79 19.7058823529
67   87.2 89 19.7247706422
50   103 284 38.3330097087
43   97.9 217 27.5791624106
39   69.8 161 26.6475644699
78   61.3 50 16.6394779772
32   77.8 240 39.8457583548
50   72.5 133 25.5172413793
64   103.1 126 21.0475266731
75   87.7 133 23.1470923603
64   81.4 130 28.1326781327
64   83.6 108 21.1722488038
36   78 238 43.6153846154
45   70.7 168 35.0777934936
67   84.1 95 19.6195005945
65   72.9 102 22.9080932785
55   95 186 26.8063157895
77   90.7 67 11.2293274531
55   120.3 200 21.4463840399
84   68.7 38 13.1004366812
74   86.2 110 19.0626450116
44   89.7 215 38.9074693423
46   94.7 143 20.1795142555
37   98.7 270 36.4741641337
58   77.8 196 36.2467866324
76   68.3 85 20.3513909224
58   77.2 170 28.8860103627
57   123.6 136 18.8511326861
55   99.1 217 31.4833501514
49   99 249 33.9393939394
52   92.6 166 26.0151187905
58   89.8 206 33.4075723831
36   85.5 207 31.1111111111
78   80.3 73 14.5703611457
59   88.5 259 43.0508474576
54   78.6 140 29.7709923664
66   65.4 103 24.7706422018
65   103.5 115 18.3
78   94.7 73 12.9883843717
76   79.1 61 15.5499367889
60   81.5 116 23.9263803681
36   80.8 290 47.1534653465
74   59.2 45 16.3851351351
61   77 129 22.3376623377
36   102.1 295 40.1077375122
52   74.7 302 53.547523427
52   89.5 130 21.2290502793
50   77.2 265 47.4093264249
62   100.1 65 14.7852147852
72   98.8 136 22.7732793522
61   83.9 120 26.1025029797
61   70 143 35.7142857143
80   66.5 61 15.4887218045
75   95.2 65 14.9159663866
49   107.2 240 31.4365671642
64   90.5 235 35.6906077348
38   109.9 270 38.8853503185
30   84.8 314 52.358490566
39   89.3 227 40.313549832
79   57.5 89 28.5217391304
63   66.9 135 26.307922272
49   81.5 275 50.6748466258
43   86.7 173 27.2202998847
57   82.8 130 27.2946859903
75   87 118 21.4942528736
49   73.5 199 40.9523809524
58   121.9 135 21.4109926169
66   65 142 33.2307692308
35   99.4 185 32.4949698189
22   97.3 220 33.7101747174
49   77 340 53.1168831169
69   74.6 173 27.7479892761
57   84 109 21.1
46   69.7 260 50.7890961263
28   73.7 176 36.2279511533
66   89.2 218 33.9686098655
67   76.1 124 22.9960578187
74   78 74 17.1794871795
47   82.7 220 33.8573155985
22   89.9 240 42.0467185762
48   72.8 192 37.5
45   80.8 226 38.8613861386
55   100.9 148 21.6055500496
53   104.9 208 26.2154432793
60   93.5 148 21.2834224599
62   95.1 175 27.0241850683
59   83.7 150 23.4169653524
74   74.4 135 32.2258064516
59   84.1 155 25.2734839477
23   74.9 240 43.391188251
39   78.6 170 35.2417302799
77   72.3 60 16.7358229599
49   83.7 250 37.5149342891
51   83 175 32.1686746988
83   79.7 81 17.0639899624
42   84.1 240 38.4066587396
51   75.6 250 43.253968254
29   99.7 300 49.5486459378
77   74.6 53 10.9115281501
50   91.1 185 27.4423710209
40   89 310 52.4719101124
56   126.2 150 16.1648177496
58   74.7 138 26.9076305221
52   93.6 194 30.4487179487
45   90.6 180 26.0485651214
53   83.9 242 41.4779499404
41   82.4 149 29.7330097087
54   102.2 180 28.0821917808
68   72.5 95 20.5517241379
72   45.3 30 9.5364238411
25   96.8 240 32.1280991736
39   69.2 115 28.0346820809
81   79.3 75 16.8978562421
57   126.2 188 25.2773375594
60   93.6 250 38.3547008547
41   95.1 346 42.2712933754
52   96.1 258 33.1945889698
58   73.8 105 23.6856368564
51   102.9 250 33.8192419825
24   92.35 248 37.8992961559
36   65.9 248 47.6479514416
47   130.6 162 19.6018376723
59   80.5 225 41.4906832298
62   71.5 97 23.4965034965
32   98.8 220 35.0708502024
50   88.1 160 22.7014755959
73   71.4 110 23.5294117647
53   83.8 220 36.6348448687
49   101 290 38.2574257426
59   95.6 158 31.0669456067
27   86.6 252 39.8383371824
33   79.1 259 43.5271807838
54   97.6 202 27.5614754098
39   95.3 290 37.9853095488
35   160 140 21.125
54   76.9 250 49.8049414824
44   83.6 175 31.5789473684
59   84.4 126 22.1563981043
68   78.2 88 17.0076726343
45   101.1 216 26.46884273
36   78 225 39.2307692308
27   80.9 220 51.174289246
42   92.9 192 25.0053821313
41   81.6 386 53.6764705882
45   82.1 284 42.9963459196
51   75.2 310 56.3829787234
57   74 209 43.6486486486
60   88.4 172 25.5656108597
71   87.4 120 22.4256292906
76   76 65 15.8881578947
31   73 325 57.6712328767
59   83.6 129 29.4258373206
44   88.6 166 22.9119638826
59   91 180 31.2087912088
39   96.3 162 26.3759086189
72   96.6 118 17.701863354
40   91.6 240 41.3755458515
46   72 190 38.3333333333
26   109.4 240 34.5521023766
19   81.5 200 38.527607362
72   100.1 70 12.0879120879
88   64.4 70 21.8944099379
49   69.7 227 40.6083213773
63   86.4 170 28.8194444444
59   82.9 150 27.9855247286
65   82.4 75 15.6553398058
52   96.2 230 33.367983368
58   80.8 138 25.8663366337
73   82.1 89 19.8538367844
51   78.3 238 36.5261813538
67   68.4 81 21.9298245614
60   79.7 250 37.8920953576
36   92.9 230 32.8310010764
38   92.6 180 30.0215982721
46   83.7 260 43.9665471924
20   81.5 230 40.245398773
29   73.5 192 36.462585034
55   74.3 120 20.7267833109
62   133.8 137 15.1718983558
47   87.7 215 25.5416191562
47   86.7 148 23.875432526
39   77.7 187.5 34.4916344916
61   85.5 145 27.8362573099
37   74.2 310 58.6253369272
53   79 222 43.7974683544
47   77 184 34.6753246753
70   78.5 137 12.2292993631
68   69.6 115 24.1379310345
40   78.1 350 58.2176696543
36   79.8 162 35.8395989975
44   94.4 270 41.0169491525
42   119.9 300 28.1067556297
54   68.1 184 37.4449339207
47   74.9 216 42.7236315087
29   75.6 184 32.8042328042
62   110.1 90 13.3514986376
44   83.1 157 25.87244284
56   97.4 194 29.3757700205
64   76.8 118 25.9114583333
66   72.7 95 20.3576341128
82   83.1 60 13.2370637786
34   86 326 55.2325581395
59   108.7 185 24.9310027599
54   91.1 185 30.420417124
47   95.8 170 27.6617954071
65   59.2 140 33.277027027
36   80.9 200 35.8467243511
39   81.1 254 45.3760789149
26   67.1 190 45.7526080477
50   76.9 261 44.8634590377
18   97.4 260 46.2012320329
71   78.6 67 18.0661577608
56   88.1 160 26.3337116913
84   69.4 80 22.0461095101
58   82.9 175 30.0361881785
67   65 130 28.3076923077
41   86.1 260 45.5284552846
53   63.3 198 45.6161137441
65   67.1 70 14.0089418778
58   70.9 200 32.7291960508
35   101.7 338 49.1642084562
67   96.5 53 12.0777202073
52   103.5 190 23.9420289855
63   82.3 98 22.9890643985
63   74.6 157 30.2613941019
63   91.8 216 30.0653594771
36   77.9 194 31.7073170732
91   77.7 37 7.3359073359
52   80.2 193 35.536159601
67   93.1 140 20.8378088077
26   77.8 185 33.9331619537
33   104.1 162 21.9020172911
50   84.6 316 46.2174940898
50   83.1 150 33.2129963899
47   100.3 152 21.036889332
41   115.6 204 21.7993079585
52   76.6 65 10.4438642298
44   117.9 190 22.4766751484
54   91.3 110 18.3
46   80.5 283 46.3354037267
40   83.7 200 35.2449223417
78   84.4 81 16.1137440758
59   69 100 24.9275362319
32   94.6 279 40.5919661734
46   69.8 268 46.2750716332
57   75.9 124 23.3201581028
37   77.2 211 40.1554404145
49   60.5 220 49.4214876033
26   94.4 287 39.7245762712
40   74.7 156 31.9946452477
51   86.4 175 30.6712962963
55   96.5 178 26.9430051813
36   80.4 260 49.6268656716
69   78.2 102 21.9948849105
67   72.7 125 28.8198074278
33   76.1 400 61.4980289093
43   79.4 238 37.0277078086
39   72.5 181 31.5862068966
28   78.7 300 39.1359593393
58   81.8 244 42.1760391198
49   69.2 242 48.4104046243
45   105.5 280 42.0853080569
29   76.1 180 29.8
54   128.9 194 25.2909231963
39   79.4 250 42.443324937
61   72.5 67 15.8620689655
30   84.6 190 29.1666666667
36   66.5 208 41.6541353383
64   92.3 115 17.3347778982
47   91 230 29.4505494505
87   78.3 46 14.0178799489
72   83.5 87 18.3233532934
65   77.2 129 28.2383419689
53   110.4 194 28.8
49   79.3 218 40.4791929382
70   111 52 5.8468468468
31   80.5 230 34.4099378882
48   74.4 215 36.9623655914
80   70.1 35 10.1
59   85.6 150 22.5700934579
42   95.1 207 30.6940063091
57   91.7 138 26.2813522356
79   87.2 60 15.0229357798
61   70.3 121 25.1778093883
64   90.9 173 27.6127612761
43   93 242.7 35.5913978495
20   70.5 185 38.5815602837
32   85.7 202 38.3897316219
58   86.4 135 23.2638888889
69   101.6 139 21.4566929134
54   75.4 183 37.6923076923
57   82.3 205 38.2746051033
34   95.2 270 37.8151260504
62   102.9 72 14.2857142857
58   98.5 146 22.1319796954
62   83 160 29.6385542169
37   78.7 276 40.5336721728
32   99.9 95 27.027027027
57   71.9 102 22.3922114047
68   92.6 61 11.9870410367
85   70 52 13
56   97.8 120 19.9386503067
37   102.9 245 34.4995140914
53   86 157 32.9069767442
76   63.7 144 34.0659340659
45   81.9 210 38.0769230769
51   90.6 186 27.9249448124
65   81 120 21.237037037
44   101.8 259 40.6679764244
32   85.7 184 32.43873979
69   72.6 129 21.0606060606
39   86.7 223 31.1418685121
47   99.4 248 35.9154929577
63   84.5 111 19.6331360947
60   103.5 226 29.7584541063
53   113.3 192 27.7140335393
70   78.3 126 23.6270753512
79   74 88 23.6486486486
63   75.2 199 36.170212766
73   84 174 32
26   65.5 290 65.4961832061
56   96.8 186 31.6115702479
26   76.3 240 39.7116644823
80   80.7 55 12.7633209418
67   68.6 74 19.5335276968
68   94.9 160 28.3456269758
79   83.3 136 27.1308523409
29   76.8 166 25.3515625
41   113.5 276 34.2731277533
34   77.4 284 42.1188630491
37   87.1 202 33.4098737084
88   58.8 41 14.2857142857
36   75.3 170 27.2775564409
43   84.6 230 33.1560283688
31   100.8 265 40.376984127
59   90.3 196 34.6622369878
34   74.4 186 42.6075268817
68   81.9 118 20.2808302808
51   69.7 130 24.0229555237
83   77.1 60 9.7276264591
52   89.7 146 19.9554069119
46   131.1 220 25.8581235698
49   127.4 250 25.5886970173
20   68.6 240 42.8571428571
59   93.3 230 30.9753483387
38   76.9 220 42.522756827
74   72.9 97 16.3237311385
29   72.4 200 32.4585635359
44   96.6 326 42.9347826087
72   78.7 126 22.1092757306
58   78.9 164 30.0380228137
77   72.3 105 23.0912863071
56   61.9 240 46.3651050081
57   79 183 42.6582278481
28   63.8 156 41.6927899687
82   72.6 67 12.5757575758
48   81.5 240 36.1963190184
71   75.1 78 21.9707057257
64   102.4 135 19.62890625
45   87.1 158 25.4879448909
29   78 400 59.1025641026
49   87.8 131 24.4874715262
48   88.1 220 34.6197502838
51   66.9 85 18.2511210762
30   80.2 227 38.1546134663
64   73.3 129 27.4215552524
28   78.6 240 43.893129771
53   89 186 34.4943820225
40   85.1 280 45.7109283196
55   93 168 21.935483871
61   81 155 29.012345679
54   78.7 160 35.83227446
59   77 186 39.4181818182
75   59.8 80 20.0668896321
53   89.2 150 23.9910313901
55   79.3 135 25.9962168979
40   98.8 220 26.9433198381
68   68 139.5 30.4411764706
43   90.3 203 32.7796234773
45   72.5 177 32.324137931
82   87.8 116 20.159453303
70   74 118 28.1081081081
66   58.5 170 44.2735042735
44   96.3 260 39.7715472482
42   89.6 145 20.9933035714
52   70.4 135 24.609375
30   77.1 182 37.859922179
61   80.3 175 36.6127023661
75   83.7 67 10.394265233
61   84.5 74 15.1479289941
38   94.1 171 26.2486716259
73   98.6 60 7.9107505071
67   86.2 124 22.2575406032
74   104.1 106 15.4658981748
18   76.6 185 37.3
37   72.5 175 33.1034482759
48   99.8 222 27.126252505
44   94.6 323 44.9260042283
63   89.1 105 16.7789001122
57   81.6 179 33.7009803922
72   96.7 100 16.7952430196
46   86.2 165 24.5939675174
56   88.7 142 19.4701240135
39   106.6 193 27.6735459662
63   78.3 105 21.4559386973
61   100 230 32.2
72   84.4 57 11.8483412322
67   80.7 107 27.7571251549
61   91.2 145 23.2456140351
50   79.7 120 19.3224592221
56   80 205 36.75
30   83.6 226 43.1387559809
64   76.2 129 27.1653543307
53   67.5 113 27.2592592593
47   91.5 270 30.8196721311
56   75.1 113 22.3701731025
65   85.8 105 24.0093240093
65   93.5 125 17.0588235294
39   116.6 165 16.295025729
35   93.2 250 37.339055794
49   95.2 243 35.0840336134
36   99.6 175 26.6064257028
42   82.8 157 25.6038647343
68   98 85 13.6734693878
67   89.5 95 18.3240223464
66   80.3 60 10.3362391034
68   92.2 130 18.0043383948
67   106.4 183 29.8872180451
46   79.4 270 48.6146095718
77   76 61 18.0263157895
69   78.3 88 16.9859514687
40   100.4 290 36.2549800797
49   96.1 270 39.7502601457
24   91.1 302 52.0307354555
60   58 70 19.3103448276
47   96.5 248 36.9948186528
31   72.6 186 37.8787878788
57   93.1 115 16.186895811
36   94.1 203 34.1126461211
20   86.2 207 30.9744779582
31   95.2 239 35.5882352941
38   98.8 150 21.5587044534
53   79.6 148 29.0201005025
35   113.3 368 41.6557811121
61   95.1 129 20.0841219769
58   90.7 184 28.776185226
40   72.5 128 26.1406896552
52   90.4 190 36.3938053097
65   78 124 26.5384615385
62   91.3 231 31.7634173056
76   90.3 61 12.84606866
40   68.9 222 48.9477503628
50   96.4 285 41.8049792531
66   96.2 67 13.9293139293
73   76.6 80 19.3211488251
64   69.4 94 23.6311239193
63   78.1 165 27.6568501921
62   77 88 17.012987013
68   87.5 147 24.2914285714
52   95.3 195 31.0598111228
67   97.2 170 23.1481481481
32   102 258 35.0980392157
40   79.7 260 42.7854454203
70   83.5 105 22.6347305389
60   75.7 93 19.8150594452
24   67.4 165 32.7151335312
56   105.2 204 30.7984790875
62   76.4 167 27.4869109948
47   100.6 290 33.2007952286
68   83.4 111 26.3129496403
58   93.9 320 38.8711395101
43   106.8 220 30.0655430712
68   76.3 115 19.1349934469
55   106.8 145 18.2584269663
42   101.6 166 20.6692913386
20   113.3 200 30.3618711386
64   100.9 112 16.0555004955
48   76.1 197 38.2391590013
82   51.1 51 14.2857142857
33   93.4 230 38.8650963597
36   91.8 162 27.0152505447
53   93.9 148 20.5537806177
75   97.6 67 13.039332878
72   78.5 65 14.7770700637
72   83.7 73 13.7395459976
37   77.3 208 34.2302716688
51   105.1 167 25.2140818268
34   101.7 220 30.285152409
44   99 240 33.2323232323
45   77.9 320 54.1720154044
37   66.1 110 27.0801815431
35   95.5 270 41.780104712
43   91.6 248 39.8471615721
50   63.3 150 33.4913112164
