 9.047197779736187
 11.78501383505052
 9.238644854682263
 7.321890884492731
 14.18981427266409
 18.72147128230682
 22.76472967334774
 11.34498640324258
 13.48047251907509
 17.80984921322966
 3.098041191746796
 10.62479525716189
 13.37927831892834
 8.139002716818194
 17.72543348407592
 6.137481146441888
 9.05004545865984
 14.97706863663646
 11.03974320111031
 7.741908458238518
 7.582316268386598
 13.05336645823717
 18.64125739025472
 5.105823972515546
 18.73146218998598
 11.50062682754044
 10.72820801084645
 8.093118258546534
 18.66985165849243
 10.96567803642505
 9.96141439348694
 9.681038201856271
 16.62657383335493
 15.25620842531455
 1.137208124839105
 13.64856112409971
 9.821511458364334
 11.92523364594831
 13.69655736840961
 4.53165944663116
 9.245232715925427
 9.812772729290273
 6.851760033403357
 8.124290735293092
 8.394768187920977
 8.335518641520965
 11.77806103081844
 18.71900250826195
 14.49126524199892
 15.54276744841707
 19.4716302150302
 19.93598207869374
 10.56447737911982
 10.53698429141044
 17.56426794583084
 18.48320894366445
 6.921610708093556
 15.63705198608106
 2.432704937775112
 12.08820262050622
 12.23593364578778
 15.54138796399894
 4.698801148675188
 12.85141622659081
 10.08895719698096
 14.21770922761826
 16.40444536314153
 6.325604123996558
 11.70384122603232
 8.184788713268597
 11.91275942889132
 16.41419251620056
 12.4487270711616
 20.64190039928604
 4.107637015408475
 14.1914130819214
 12.84607772032713
 14.79360631542093
 17.32125839802351
 16.29553383972608
 5.113446938253097
 9.424046195644825
 18.81267439988661
 14.47860903030756
 10.28808370085149
 7.650276275902556
 16.401471274011
 13.18787395726716
 14.23106977744247
 11.49002656652699
 11.06588677742298
 12.92257509109067
 11.79393720218941
 1.888060498272889
 4.613103569963801
 13.92614555699841
 12.99302624560155
 3.44175133307581
 4.320837737616942
 14.73706636604489
