 2.50767266139417
 6.282505944623558
 1.097908753823527
 2.779705879373628
 5.676388414844824
 12.5634337439741
 1.895266744039454
 13.57043320740192
 3.828907499336495
 6.432866687397736
 14.17007796507242
 4.973704024064981
 19.61334061646217
 14.28294971612586
 10.25470507911573
 6.59512372084983
 19.91645986009957
 13.87723960116447
 1.051716712308681
 4.84599583297986
 16.29363619537029
 2.575445250005546
 15.02732139748529
 12.21115517921534
 11.11514854886019
 7.938646734495473
 14.99623034970849
 6.10952684369719
 8.95673157737941
 8.762188452421853
 18.80111539231134
 18.43527885922282
 6.375092416514794
 10.73476707194362
 4.706217843624568
 17.70608466696745
 16.45203408043797
 9.449018983584384
 18.72552436258395
 12.53899363739315
 8.42577092021109
 3.689907040052951
 2.883978781798616
 7.691516860620319
 5.991732977692763
 4.259820509293195
 17.69309770595034
 1.741990108546007
 6.26071868483808
 8.660108041070632
 9.341589973895141
 10.08719943292351
 4.001785473664912
 19.248950676791
 9.570558431956147
 14.89134326027211
 3.711063884311142
 11.73035726613809
 17.18585498451713
 13.79867336214079
 5.836150749235083
 11.74663666942838
 4.563160343387282
 8.669210206567485
 16.08088821055639
 13.7476378826488
 15.75364652286493
 10.28316492276459
 2.983156146967302
 13.97452542461625
 18.38038947226358
 10.80749182151622
 17.47620498202666
 15.97927901546764
 8.892911281514097
 10.16193422301691
 13.02751631955798
 12.87875758134018
 5.229275614709198
 14.96251624683992
 4.347155099488379
 9.18278514825424
 18.36759385709066
 11.00879861934335
 4.522915446401599
 16.87031918769875
 10.63895202796422
 17.43071970255527
 18.61803808945436
 15.05873932325993
 17.11011594863036
 9.661058118437062
 7.881817291121794
 18.038796734317
 6.953425498364227
 18.12367243391675
 8.585649770532068
 18.09284297076119
 16.03375662834637
 2.361945788122437
