 4.215219368273884
 9.291716187611517
 13.32935259489723
 17.79469673123308
 4.496665261434893
 14.29412349629368
 15.86294670182873
 17.3335419267802
 5.976507616169418
 11.58864498295437
 4.108586844879619
 5.790824794363975
 11.14342834232769
 5.335590449411958
 16.20835014060286
 17.88298029603567
 10.99664675653776
 3.946518240964526
 10.3674191911164
 5.253986928325705
 15.56405296124075
 16.42807531397638
 16.55821850800374
 13.06105001146769
 13.41280977928637
 14.58449773912707
 12.94438790276812
 18.6590861180837
 16.70027009218548
 12.1580790794932
 12.29250874508686
 5.367822990422441
 15.01556537267488
 16.5635394299884
 4.654269186561161
 14.36584222488115
 16.03452392205456
 15.93078072698789
 4.429567763000556
 5.169588523585488
 4.037587439296825
 15.86428657389219
 5.423180639643952
 13.17933369518883
 15.6916168448895
 22.33320954091748
 5.280502720750209
 16.19902745698281
 18.3659714193544
 3.531320791239675
 17.99910917347135
 5.621551544254919
 6.186102295408265
 15.56507175668741
 12.62309777356451
 4.728619341761943
 10.72390896366277
 13.80891782718254
 14.31669027121745
 5.100619567453816
 19.35041082245604
 4.901813954779763
 15.4212575907579
 13.74670709065255
 25.32043472746635
 19.78453830785345
 10.61704644727071
 14.52879467682318
 17.32956347267914
 12.80568102749486
 15.70334348233557
 6.175133069264989
 5.396062996635287
 15.04395982144318
 6.556646204792733
 13.89456026252303
 10.4081913634818
 13.21116339251301
 13.83436090038607
 14.09638883817765
 14.06477362970915
 3.933446739152617
 12.43841496038146
 17.42754956272161
 15.73998777581765
 3.425786555292099
 5.962810932321806
 6.4116106000234
 4.956969900684952
 5.619516120058044
 14.18882143314038
 17.45897741083028
 3.646932897819976
 5.65422559159143
 18.22122679006612
 12.85355309967801
 6.300214534890475
 3.796821442508719
 21.05454657012151
 12.7965718783651
 9.414811327013304
 15.52157620587689
 5.67671456938956
 11.26325766494849
 14.35175042846587
 5.238514505044971
 19.0144289689493
 13.72522360701834
 4.227440219446152
 2.9233310163069
 19.57046543262585
 18.81875108752183
 14.15659761723622
 7.502213895171485
 20.07188417840543
 6.402329767110539
 16.04114010534796
 7.59983637351093
 18.42576006821653
 17.77945524292668
 19.02990389540481
 12.24641594699005
 11.65763729936024
 18.20134142708089
 7.864907152955554
 12.15959407921229
 15.72208122433064
 10.69061700941042
 22.27670879480954
 19.53684011334041
 13.81430268223075
 14.20071504225791
 11.930909144502
 3.169050934663654
 15.06679857034677
 21.69970150577763
 6.035571061176448
 4.225069503274741
 19.43385643905846
 17.19420732408851
 4.973670267795204
 11.0732287536578
 13.11416628884561
 15.19266650788205
 9.375764415527328
 11.09506870668574
 18.51502706587579
 6.245982172525029
 13.16696080650627
 18.99403131791722
 16.13181054135706
 12.51567323678813
 18.2202690421957
 17.69172678911622
 10.26285229437531
 12.03841442452354
 19.44336327272903
 10.78332056965889
 13.34175008293704
 18.86035710948789
 11.19273573483837
 4.421622958382262
 12.061428564742
 4.52489744446685
 12.27586473260032
 17.69316189051538
 14.26412114049482
 4.523730478455257
 3.526326912375652
 7.314023774439045
 12.14749510097679
 8.224211984328933
 11.17878322001132
 17.87820601565843
 4.971314325491834
 5.790904073001942
 4.8403998655029
 11.88935944674389
 15.53690645257767
 10.9326299493105
 5.228064209254554
 15.36799278830173
 9.979562395933723
 14.36003526786547
 14.13443983377035
 15.10591688002437
 5.172148719176585
 19.72966422941461
 4.846741972841255
 4.911681167881884
 6.114853008300443
 5.229886089394029
 16.53264674298681
 16.8333829579949
 16.9845054172848
 10.82866242545101
 10.50593367166858
 11.93162045271107
 15.72164874039251
 13.44969439236355
 18.04208740253256
 4.972445697571543
 9.811392972643389
 15.55020347109516
 16.26083796399268
 10.60329397354642
 15.31861920250681
 9.666833485707111
 5.139229853416325
 12.07724114081176
 5.004030040258002
 4.522935549099045
 17.52346878019407
 14.45887158355624
 17.61714283829989
 15.30772626078195
 17.00644670251395
 12.26423839973822
 13.83477168202736
 13.33452768878079
 5.710076919557032
 15.25646444834427
 19.11686379705738
 13.06886190576267
 5.00529120182578
 3.652884354441774
 19.40882642222201
 15.99427123185913
 15.82718687167589
 4.820386899477732
 6.311511834329236
 5.10199954036957
 17.94744580815548
 11.11645126249089
 3.804542079992784
 13.16362067166595
 12.50633798919112
 10.36337655577888
 15.84967880108277
 19.8143261508836
 12.22268658851206
 4.635197982244156
 4.22001023012005
 15.00845624458022
 16.58841389207789
 9.116828531506943
 4.38198694434409
 14.93978275258918
 5.740346494389887
 16.80015941737061
 4.900781919951538
 14.39670769275722
 3.024488848058644
 3.868615797788056
 18.97795089802485
 5.538854152191578
 5.601844201424469
 15.55019331192979
 4.502086011809781
 14.15074813448942
 12.01562711352071
 5.712543081375522
 3.821857301776494
 5.311107033871906
 13.50510649487472
 18.13322083948079
 5.399289039328595
 14.48633550392086
 13.18125337483077
 18.26474444800779
 13.72203072218439
 2.610623394539426
 15.78513598541327
 18.05785645553598
 14.85046648437281
 12.07853244962693
 4.129036707371634
 16.77295683264015
 11.935317789645
 10.5905312812796
 6.159409932440117
 23.08350599990865
 2.419354903962437
 15.20667656326711
 14.10728704745281
 4.901201931523135
 11.51729094829267
 14.77261583080688
 5.28559453619606
 5.105646386454012
 16.83360869593476
 4.94943147103026
 3.712702555834608
 13.45479383704173
 5.484193492026945
 16.38045329359128
 3.291129399280249
 5.134450365331221
 5.432346551099117
 5.147123539303927
 18.07134952255759
 5.165920999617147
 12.84677892321839
 9.956673537933156
 4.522048878817024
 15.72949667443331
 3.817416585187447
 11.04068196433206
 16.04578239489632
 18.45117507389151
 6.99378968720781
 19.64676041911238
 5.024835703682077
 7.258898156284117
 14.34396087619122
 6.674623752541001
 15.21428563895426
 5.014297891772109
 16.54399399748477
 6.800221857572613
 13.9646065710214
 7.35600226615974
 16.30845984761737
 16.64540235000841
 15.16369683325701
 14.81875487903012
 14.76972511855241
 16.6681712013752
 9.766335402353329
 17.02777223908879
 20.8559189847923
 17.0073271944643
 12.90964084039399
 15.02698777664349
 14.06786479957188
 16.58660866496147
 15.81030177368418
 18.72852598508862
 12.32405629755339
 17.80581261961835
 4.55929211981594
 4.924666562034454
 19.38001462311
 11.55106267544925
 4.834069975291147
 4.136517894060183
 17.77512119231326
 15.14272103273514
 9.449779321161415
 5.107599751178255
 15.00916187150026
 18.79925301738184
 13.6858528670565
 13.52373249369679
 16.41222084756257
 16.72122406816055
 11.83498345800492
 17.45765332583673
 11.05073981697312
 16.87474689395362
 8.915471827096882
 5.307813107963967
 13.0605078048975
 4.300581825630037
 14.86337491350669
 14.3620163845431
 6.244631505928661
 4.979789309714634
 5.866717240862729
 6.073399169525148
 17.25920795500548
 13.75715286376097
 11.72031175762983
 4.782235901602355
 16.46639365607956
 20.04989388980519
 13.66036065554908
 15.38952846217391
 3.711479945128802
 18.57208240433197
 6.839702045245009
 14.00088787031365
 16.4566470249041
 18.19696690158459
 4.14620549473917
 3.625168267353123
 14.47922663473767
 14.43857929252445
 4.958496556418607
 14.28405324684379
 3.764365240903052
 14.94819672022616
 10.50755382545315
 12.75824834850433
 3.448315439831315
 4.911316682214163
 10.703985212804
 12.66150173290987
 15.84258903567944
 18.64908821997276
 10.92902979060888
 15.6175688052053
 5.012333401738704
 9.954705243962016
 13.05435810110945
 15.51861293219329
 16.59060084035603
 6.137754452461105
 13.23172772203318
 10.2046570530021
 13.65185541830815
 3.69470172374088
 6.373048089270165
 15.95610800995225
 13.35644229609093
 4.948396983871318
 13.88986751409667
 14.76219857288114
 15.31167530821023
 12.59244555587411
 13.91222705989302
 12.41719616302088
 4.998996822477959
 4.635858282743793
 18.15715879826664
 20.09094045656511
 20.10926912078052
 15.15065109115977
 8.824072888370967
 13.06781450456517
 18.50818233947658
 14.9196354590163
 3.974630917725632
 16.00116803394042
 17.13632623355082
 18.44688559491198
 17.39331784313589
 15.88786502828659
 7.580228386866022
 12.86180166386062
 14.82029756751811
 3.566166007532445
 13.19960832222862
 4.256349968380007
 17.23040784901371
 15.99161103279425
 16.6931143078601
 5.405868288558702
 5.11288449881146
 15.28287256493989
 12.5952663116785
 15.99375356260881
 4.124024627354869
 13.60958427064554
 4.793788089441902
 18.09074947371006
 6.574589077740209
 5.202095615738439
 6.010535489830915
 19.09249978798445
 5.166188478833277
 4.974135829518968
 10.27988974100572
 9.891139042471867
 14.41748586004224
 16.49083559786539
 6.383698247957844
 14.39944615617336
 3.374690732927382
 21.32209003968052
 5.243150383576104
 20.93623475892254
 16.11406874743954
 12.96514177110173
 14.43721357340538
 15.85732725238148
 17.87158314653649
 5.787785189614923
 17.87040828964216
 4.864290274799218
 16.07398405608531
 15.81375037881125
 5.379188544988525
 5.518094698189929
 18.14338383008551
 11.87947915395348
 5.656872340602226
 5.420946397448952
 4.329525126010934
 15.27425941927623
 16.19986250360886
 12.68843021096404
 13.83298456336562
 5.002394547420947
 16.43301480793056
 6.377207432782983
 4.631964413708367
 10.37308540422027
 11.11506058907326
 17.56377391984577
 6.932009922124251
 4.978283704375246
 14.54692542291417
 4.093714687379912
 10.92294825375469
 6.225956311067647
 14.02363306488979
 18.93916563378986
 6.22478156972969
 15.86926155870093
 5.367883780036687
 19.15255763645769
 15.03494580885814
 5.053407567354014
 6.7304092385542
 2.713695393240589
 15.09027836022203
 14.85393257801588
 14.07166505929121
 7.854465267862662
 17.52829929657814
 17.81780229190195
 12.0329815923176
 12.77975659633363
 13.03551127812737
 18.65359054297072
 18.62962971532061
 16.227455070971
 18.00264687808608
 15.03162928182438
 18.21210891079899
 12.61503988630841
 17.14644672644265
 16.20664608096358
 16.47653093488887
 18.1400804660178
 11.42341929475723
 16.89440144594905
 5.745430674565518
 15.30091498191869
 18.24578582343554
 17.00351108134666
 12.50777157465045
 20.59077874453947
 4.469585859467824
 9.247782967706897
 15.88849023292739
 20.29485813152724
 14.35225413907113
 9.362258343346868
 12.87827190655488
 16.12391913419084
 4.168902728635817
 4.915560708647047
 11.94332165694897
 16.06068450065751
 6.818175897991043
 16.40243996262935
 5.304976869774404
 3.32732995604837
 11.60910228533443
 14.92870789174587
 10.08184176049776
 13.85673549347235
 16.71423822645755
 18.45415066296511
 17.85496629216397
 13.84196836067587
 22.3972000951266
 16.26817614239534
 17.07864972054787
 17.32705974597905
 11.68730953897379
 16.6941263295441
 17.34864200019215
 13.81586828678966
 14.85471183825066
 14.81450045470039
 13.09061313350354
 16.04217100515556
 10.77707945329427
 17.31051752073945
 16.96239086507175
 15.02784952431938
 9.734169728090084
 3.946609408394143
 5.962811795642933
 4.917610023642761
 15.22781099340091
 20.03198172488881
 16.56198280317763
 4.296542371461357
 4.410401788389894
 15.76628309444562
 13.95886924532701
 15.10405453367861
 16.04472302472369
 16.34179276985901
 5.297212240193588
 13.71100115474205
 18.96980888928457
 15.92131342128353
 10.05345340155248
 4.871526984458487
 13.71447888117983
 14.13264784807311
 15.15455913527284
 4.059766194299601
 4.564951658110054
 4.956705459499489
 15.88167950320349
 12.34347410294231
 13.28671005475472
 12.54144301174576
 3.836864033805142
 13.75780889906196
 4.574287478759954
 5.74504244341158
 14.71263564712978
 12.43040435122023
 13.13221860836237
 14.28847352746291
 15.18427446716196
 17.32306722686898
 11.14096127756267
 16.81297193953951
 7.158273656168594
 15.79911187071879
 3.979921644117738
 13.23455913294607
 3.996219776087232
 5.252214419686815
 4.079633486461056
 8.031516006720212
 20.49161626085468
 5.50571501527113
 16.90935720245094
 11.71501513599734
 2.965817728653948
 12.07647239677123
 11.73833837931804
 16.44304992011519
 16.68255152523976
 18.77690281171082
 12.5339038805982
 16.98943586231033
 18.87252334129862
 3.282092971837654
 14.60094251666988
 16.61396302125468
 22.64675941131636
 2.915703434553203
 12.61616947949968
 14.51474228115138
 11.53882616233701
 13.81297930809612
 12.3526785579254
 4.691647284309907
 18.51266349904681
 2.821173278904094
 20.16598931141237
 5.370669453105089
 15.97991012245647
 4.566671679552623
 14.43067549598094
 16.75761679369922
 11.87884086141782
 19.09454438237241
 14.82225666413019
 15.93607239359217
 13.02888661443964
 14.57607957373979
 19.33027159999041
 5.623096815204098
 9.463875909362548
 4.727213970940227
 3.98357151325186
 4.923553093841524
 16.98158875746623
 14.61481741831289
 16.59930013281955
 13.10089922557077
 4.824362472212055
 14.50823004024681
 5.873629099725337
 3.688778557854889
 14.54959502466176
 4.487440317706439
 11.40793604267738
 5.316737249226819
 5.238446291720638
 3.883087207628249
 14.17300375500605
 13.01050407787489
 17.11026962512191
 3.656044937765951
 5.73888187134461
 11.19350850651824
 12.19000400695283
 3.939857787560314
 9.653298859908222
 14.86041743594717
 15.39525477609076
 18.0228413712635
 8.213370893839272
 6.348009697885859
 11.0391697272984
 14.05983591121403
 16.79917868090077
 17.09866712760064
 5.416889510178399
 6.489809803984697
 5.551186671592842
 15.92577476293553
 11.95304716508541
 19.42564285301392
 11.31273855493933
 16.56845929688193
 17.08875131687574
 4.154555638448285
 13.49929246544658
 4.471939357592535
 23.69227862320538
 16.57213653159581
 11.72136152131639
 3.06745786429326
 4.931032504189141
 17.94335949603272
 11.94785588435772
 12.52202758114893
 14.74820693797039
 15.71145146533791
 13.62927871017076
 5.706590966809316
 17.09765521020893
 15.83242023674985
 5.127732704595228
 13.04680437806925
 18.96393990901416
 18.76539453556352
 7.351223055499416
 16.83450988384788
 15.32863008901253
 16.44805123898652
 19.65819137055307
 12.79813124709853
 4.156213719230402
 19.15002931543286
 16.06725806402843
 15.04071370969085
 5.657803104912951
 17.69527645216916
 5.519783386192665
 18.6894176771702
 13.33726432426379
 17.65493807692721
 4.398374985340235
 6.819645031397677
 14.25826404627234
 16.63961234871406
 13.41550385592003
 14.33474387418408
 5.152940107084024
 10.43609158515558
 19.78714257889082
 12.56748856682357
 11.88415358873874
 15.95752842300083
 13.1253879508876
 15.85586098861355
 5.260239678775793
 9.37894845434862
 3.804734797339472
 12.6405227624711
 4.849183182031915
 15.76055439703205
 8.997983495203648
 15.58751909929304
 15.98617610921451
 14.10024794907013
 14.68983954372397
 5.39472185146947
 10.79986806993525
 18.62448543623373
 12.23061216607694
 12.06969005434996
 14.77782705899619
 11.64042221792972
 14.13195256014683
 5.066447720468593
 5.224700263150114
 13.80381007456272
 6.842746025605415
 19.05852564474872
 12.07191244882305
 3.445169281786838
 13.10426416409662
 15.38697294863152
 18.83924511978496
 5.098605054103888
 19.17751094459643
 13.61749624483213
 13.09419187715737
 16.90677049776859
 5.673729175493833
 12.22996316412262
 14.45099131793867
 13.18066664051313
 18.79834857509885
 9.847075765951876
 19.162670741994
 9.699846863963582
 9.702882022920406
 15.67995964113849
 19.91880940073337
 3.830536293170018
 5.107013421526923
 3.865193433710611
 12.74470007174731
 15.32499401903313
 11.59895218118464
 15.20956767998098
 13.74513611655127
 14.32332121640137
 15.92710217616653
 13.61617751235623
 16.90939190181438
 4.350821601436611
 4.795207279512984
 2.713214492628837
 6.463416162094292
 18.0594510906172
 16.0930623319672
 5.612959551818029
 13.00167992738003
 19.18792061149395
 5.556086240759361
 13.10456938791684
 14.13698736895662
 12.78992161937474
 15.39919615859429
 16.32823247993664
 4.406206606281551
 4.874420424318791
 19.43181514250876
 22.19064762290459
 5.697703849149322
 5.677151483556028
 10.20919455202679
 13.55914309604349
 13.58111732725843
 16.15548470381881
 15.21182271978672
 17.57817481541536
 3.881823008433006
 6.604856931192442
 5.3520315761916
 17.05677898722411
 13.27835891629875
 5.125316982935218
 12.17012928508808
 12.90145465805951
 5.244230533995935
 12.39632054228097
 16.41515535206281
 14.98784464764567
 4.664384385963143
 5.717003821285271
 12.85857429830916
 12.31183531348713
 5.52067280605176
 17.33225821418114
 14.69644328392229
 15.67868189491623
 4.445723888638104
 16.65685952092126
 14.74161515798196
 6.107818772391637
 14.63222387512153
 14.11120816682483
 5.720554176193418
 17.79897165442734
 13.46013541086883
 17.76988779730785
 16.91585930913053
 5.133903646202937
 16.69714167316071
 4.582159066134403
 12.22441838577593
 16.25480060736275
 5.106467754059552
 15.72544393484958
 11.86243246497055
 3.2181748678508
 22.87776110433467
 3.646150358727785
 3.461833930448843
 3.669275745647253
 4.047824342261061
 14.82069454856627
 7.079175873382882
 17.98644040528186
 6.328066104440573
 4.109851688682368
 18.52481100568157
 8.57350233376234
 5.23548984276825
 20.80394238504227
 17.99090639815978
 7.491834376980707
 5.708972851922326
 12.91572868096802
 12.09673603479183
 14.07949797480432
 15.11904363015377
 17.85460340898499
 14.04883791751058
 18.46187471212887
 21.01529411402337
 3.506037393736485
 4.245190238144161
 14.11017593131506
 8.233185704630213
 11.22645137461009
 18.63122054991429
 14.2251685285182
 16.30907679933481
 15.86997651397713
 13.91190832681024
 4.200454583729298
 18.37961649203817
 13.45557099875001
 12.77574021156769
 17.09237237081634
 13.68122714330938
 10.3527592080259
 15.01278130420127
 11.34626923626641
 4.750787475986637
 4.654010957053119
 14.45261712365162
 8.436995810983758
 14.40991505126899
 5.148898390633157
 12.10076082898071
 4.26858932812125
 6.474993877600506
 17.28156901211273
 14.24259862364906
 4.431731166174688
 18.71769646618937
 18.86675878222667
 14.6817440845272
 13.99067325867758
 14.2464174916807
 5.437528786785381
 12.17622971529492
 9.048920513160745
 4.685952039550064
 6.289486197449389
 15.89390399380114
 15.09577801964512
 12.34354433158471
 15.91517233356176
 3.952550324677683
 16.46830550115338
 11.86531258994133
 11.67176212952117
 4.369685804871548
 16.37195983531876
 8.977070777144952
 4.147336523116221
 15.26595449776
 11.77533557186426
 4.883341151357722
 16.84511385230201
 16.03628970598617
 17.32158338044529
 9.991395393530269
 4.237956110297403
 15.73652638149263
 14.37871908681768
 13.71995480840368
 6.129068940534292
 6.140960646702782
 5.058728013697263
 13.79059399265152
 7.636298779940732
 17.82901755470365
 11.31880435069893
 13.06737968684094
 11.93900428328132
 18.06345153491348
 15.58782420847843
 5.38957204108272
 14.01659454592966
 16.50199138056115
 17.01858456466055
 11.04062762616148
 16.05189570799542
 16.86985917120604
 17.52441693514117
 13.8431541647049
 17.7308325621146
 13.11591194861021
 12.31235769166826
 5.196917107635741
 19.69224139571662
 20.50106638171812
 22.10479005812901
 7.454763465496882
 11.76044544639854
 4.697681874786491
 15.59733705593672
 17.51016122504705
 13.08355902605778
 14.64362366428989
 14.07463336094973
 3.116408613190275
 17.03903290198487
 18.81106866073053
 18.70476391960458
 4.420704427476105
 2.899679878999897
 4.795621159404034
 20.06559297130468
 4.562513633925599
 11.89666680981307
 20.02587075831093
 12.6792023347225
 15.64534527214074
 9.114343214626508
 16.19382149336584
 18.54339902794088
 14.22251356934361
 17.09335021523928
 17.37088506341568
 5.875180999184597
 14.15988004601287
 13.70158455357886
 12.81058832921057
 15.00064566974862
 4.690355880962577
 9.611943386992131
 15.49584777203066
 3.820839998539381
 16.77800146343901
 3.877622119441212
 2.826117544244025
 15.67374670200942
 11.76481395999339
 15.40089127899922
 9.97816077054801
 16.77676167853114
 12.76307471752935
 15.53926220842948
 15.45484269809107
 2.260146510965956
 15.65194996431797
 15.01172734620122
 14.55927968535944
 18.1560963396659
 16.45410272400933
 16.82134331323402
 13.93996856501287
 5.157405295056956
 14.80008621884683
 3.892749701347071
 6.303167441103151
 4.345182437082316
 15.72181746530496
 18.16081965197334
 12.47685601024613
 4.060025296458802
 13.81435882911368
 16.73128965753243
 15.92116868794412
 9.957026231837489
 7.064469520875422
 4.544268359924305
 16.05301178262931
 10.86097877958063
 5.816422236229719
 15.56865961241749
 15.09166308700385
 14.48206390359835
 14.90392214464381
 5.051592714030988
 4.238126818889562
 6.501576749876523
 10.00392559580583
 12.55415222246242
 20.3256598803805
 17.52346925266663
 18.89622525625294
 10.83131301417011
 3.047205853535699
 6.499428767966955
 12.35838111559329
 4.081891384557476
 6.325966240835102
 4.256049508051904
 4.839465934311904
 15.10677402464658
 4.035728980041413
 18.09687839584402
 15.80589244158805
 15.35479548028786
 13.57301868934368
 20.84331385827612
 9.379342950726485
 4.440967340328729
 5.852067890620985
 5.522130890117161
 5.20291747376518
 13.99209816310687
 4.4971288885365
 13.88312316206268
 18.7621725528578
 18.29095580269507
 17.00452626137707
 14.06517710551041
 19.43636746468509
 15.86150080770242
 15.3242012078369
 13.93620763961954
 6.74490241163104
 15.35593703226911
 16.59975168009604
 12.86842647291387
 6.112965132278089
 14.3555722244918
 13.11488192305262
 16.44567142672349
 5.776482517271569
 19.36349630560952
 15.18172113611069
 12.99855105527993
 11.03815254276297
 5.489408706704412
 5.267436289004424
 15.43437983243803
 16.81173664336059
 18.66505915215755
 14.53604870038469
 13.33491461271948
 19.61018442211245
 4.343782271225103
 19.2224696271997
 14.36961206805537
 15.54134635471485
 21.38823237482179
 16.90393668897156
 14.11649478480209
 13.22780992633197
 3.909815866780104
 5.910818668049767
 12.18031915033372
 16.2574141946232
 13.30455672194006
 13.69915228643039
 4.569126735698902
 16.35705388661228
 17.78295364679758
 14.14590721596079
 15.63362391851333
 16.69864477527613
 4.818741515383438
 5.525056652644493
 16.32193168436145
 15.58282695700876
 18.30365103309392
 13.56736115698793
 19.59313334043138
 10.55527489704631
 4.834244661404303
 16.29496193059709
 4.994541442611313
 15.23240129153657
 10.72450808275199
 11.94775568612122
 17.98922389928473
 14.68745045463731
 14.57452759879032
 3.994288831114788
 16.65831223008782
 16.62484313565784
 20.00173278388909
 6.211623642075545
 12.37374715763215
 17.63670851907781
 12.40349156365104
 15.35444957143002
 13.72242738122772
 6.556459012035623
 15.24757297396951
 18.8324492196698
 10.16052483482606
 5.448532193652362
 5.321796750128797
 17.68595034649258
 15.57801844259815
 14.94845656587717
 13.73571402825909
 14.92391575537914
 8.770682766387306
 4.26992660212438
 11.98595800487544
 15.02865875252115
 6.088051960692477
 19.24350167336067
 5.261981305586755
 12.44162293975862
 9.412967888982473
 15.58244958565472
 13.23619605315031
 20.81829640410355
 12.35407550757716
 14.46467005004971
 3.741765668622611
 5.125348911800661
 5.420914232008093
 4.024624124567286
 12.41713177551033
 5.623539902001168
 5.684344828391625
 4.783113274286243
 6.914524020196172
 17.42865413582298
 12.83846360631243
 5.304124881978665
 16.30349427738433
 14.55196041986742
 20.21753463504759
 16.7505693171407
 14.85834235967737
 10.73011171692604
 13.52167790741676
 10.05434287102171
 2.760533769747359
 11.74199452273482
 6.29179921980941
 5.544414069838033
 15.00391405581593
 21.66379007858493
 4.671699863447901
 5.493631267073702
 4.669070226390868
 16.9376705120151
 11.31711932859487
 4.056265659585668
 14.17731243909114
 5.844225869084196
 4.887612305677108
 5.226591764334517
 16.28455589184526
 6.594326997980406
 13.14028511045508
 12.87995683830031
 5.56102651505378
 15.46754288009819
 15.75158034060692
 3.788397653221709
 15.21098379022001
 18.69887525424275
 13.21147267941038
 4.054130639974459
 22.33122427122053
 10.89129278190161
 14.32729431969835
 14.11833111744678
 12.46052776527389
 2.681427560849421
 5.643341264804971
 16.49506980551847
 6.228085579013883
 6.550278651729578
 17.64803750214028
 15.70804106233656
 13.82762848883524
 13.54729782429923
 13.7738844839721
 4.867260025949274
 14.89527836898514
 5.107873054106544
 13.02830386646266
 13.5643419049144
 10.24393587564214
 12.25299005808687
 11.01603320165264
 15.82401644004127
 9.052295763654623
 15.49328017512893
 18.65726851140715
 15.4741102692581
 21.06421451914397
 18.57649774132645
 16.31797240486584
 6.166512970887823
 24.35468599086236
 17.84639307823849
 18.89667219193873
 16.6346457820008
 4.769186185935
 15.13689356059614
 18.19600927401169
 11.32400913144375
 15.22948806414446
 15.70993436583017
 12.35051758099212
 13.99613834660479
 12.76258829427695
 4.531362887644557
 4.649959195579328
 16.79223906867841
 18.44203705305054
 5.309821743261899
 19.22514412357329
 17.43267207264626
 14.81353700393028
 10.98596849392733
 18.35202114888159
 13.46949877241486
 17.44593681229873
 8.519601274806767
 16.37458684046123
 15.29947723976688
 14.53948085069343
 14.85230322052781
 10.31191493897626
 17.25915917250455
 12.48655696144214
 5.235611525584966
 4.950843806717999
 19.2929238165611
 15.40708726729812
 6.681956976454625
 12.82988985218229
 14.1446860981044
 13.72523410884139
 16.43932834674943
 11.96029975883033
 12.13955478811123
 12.25365604309528
 3.74386006250044
 17.42945817613463
 14.08257353108659
 21.25438471279705
 15.27225364692096
 13.10618104550048
 16.54286667188985
 14.06352589265918
 5.460236435175908
 18.50188102983335
 8.652688726538253
 4.233127853882598
 9.752602390942094
 12.84823359073638
 18.51637099604648
 16.83912049773311
 14.88176167148551
 19.27571278704888
 3.123233055027253
 15.03353924238969
 14.74854352008454
 12.03299993124
 14.89950613386088
 14.70089494424495
 5.921451716190202
 4.174267529332768
 10.31972167099787
 14.57503590762509
 19.57699988426237
 5.471824255130546
 15.24705480216024
 15.46945357594957
 4.650933192308102
 16.31720359535719
 4.416607960087471
 15.94602560253952
 17.17316970313739
 16.41144921854465
 6.648295454542775
 16.88860549559479
 20.23666329555463
 5.17857922864113
 5.297556025549986
 15.81283473325981
 3.905265945162923
 5.542994909059182
 15.05224755397633
 14.60684573286814
 8.218423998853586
 14.48287936835293
 5.230796618147782
 4.108199572187943
 17.543072589147
 16.63555285861238
 18.30432344179441
 4.054772843155332
 18.28134762901826
 4.421023132274546
 13.78588195507472
 20.71730429895193
 13.8458744229856
 19.21293369055219
 14.87138066982373
 14.89625504201439
 3.548466921284982
 3.703701184761362
 19.58236951387103
 16.53310161796883
 11.47337611050571
 22.11531377550011
 3.615550002748943
 12.05070619896263
 20.62519378613749
 15.45858848801238
 12.50549147837534
 3.663676610730094
 6.666240635791578
 5.145125151529653
 18.72452844641019
 16.32778982312734
 15.82502853828339
 9.314848755318142
 16.949235021794
 13.44421537161345
 12.80492762679323
 13.74571141735414
 11.85611553976877
 5.734652040657885
 17.7692401039865
 5.910769594741515
 6.587424932092322
 4.037650648624115
 16.45336610354294
 14.63176893161123
 15.41547983857222
 15.18094559206637
 16.87748517767544
 16.4770152495019
 3.921998588503715
 18.42360093195299
 15.7345178824393
 14.86353091520073
 16.991383135732
 13.24842571726106
 5.195830733275778
 14.08703125033566
 3.698873228285029
 5.01261495430775
 13.10568412823853
 9.919713913491769
 10.67383306782686
 2.8334279300118
 13.57195996333009
 13.63558321952419
 4.847713925140058
 15.97381173019361
 12.9689695668958
 4.500205632821162
 14.86994730702173
 16.23109679551525
 16.64044343106266
 9.846895945301323
 14.14365563268006
 14.48652156423048
 6.445002562186605
 14.52229398955756
 13.69613973901786
 13.90246466309064
 19.21248553404259
 5.440102938206858
 18.12303838404331
 14.2060077100847
 17.55835595687997
 18.18519611255442
 18.70236422442421
 6.651247072883264
 16.3850457701444
 15.17445545172741
 4.832567092696345
 3.851401237474083
 5.588358820618723
 16.59868294168398
 16.81043810896813
 3.788658597531014
 13.58349480009932
 19.8200624330834
 5.51000978781676
 5.104494916278954
 20.48201463651508
 16.08414988281228
 16.62586649842914
 15.38007667982316
 5.318198526470843
 13.16787708446821
 20.89155078751611
 4.455762983667556
 17.38630595731695
 5.822423476891646
 15.2565750017329
 16.03713093699518
 4.00928268825384
 12.22699319961652
 19.20069374957767
 16.81244165970955
 19.79280595111721
 4.615229117412384
 4.245970013820445
 17.21394101301625
 10.5982654503593
 13.8253802411392
 5.786893500260494
 4.937974388037562
 13.76409633824298
 16.65624567321239
 13.99786842738083
 11.62900785481548
 13.25556543967528
 6.08261005085452
 9.9796432643637
 12.42282101722569
 14.14566950710801
 9.66901072893358
 4.949869116709405
 15.0987433954327
 12.40368803719174
 17.89221812773195
 3.670259977345659
 4.096636459405342
 14.55310467578553
 3.917230243122683
 12.36048556294758
 17.73945406199381
 8.271251134264222
 12.2924004179717
 13.34569350504732
 13.08788882923603
 5.753109181199941
 19.97302399958532
 6.609902095929364
 16.38982591482477
 17.05081237482226
 18.52880098030438
 12.39552242650029
 5.863158360839314
 18.80366062703061
 16.87284116218045
 16.85742842448549
 4.151010285012605
 11.1282413078022
 4.648672080353926
 4.359347735603333
 4.480963645015821
 5.500188112441652
 4.868762803506129
 14.32269078179417
 5.941204429163581
 6.313867216312623
 18.62368870617474
 12.99467023408256
 2.934051633048765
 5.588483355806638
 5.071246934362565
 2.585207795833492
 16.67324321297135
 5.146853190063687
 17.87361931770386
 6.309006954996514
 6.536133153086718
 2.880694583938558
 4.254563690832364
 14.65914558493401
 15.23114811107055
 14.93340637522182
 15.01687518326907
 13.1327407109102
 8.383474863234616
 15.31136612107551
 15.02630643727846
 13.33483389437341
 5.504191705180029
 6.525335766966491
 5.166245726842182
 5.5394041715932
 12.24298525389509
 13.9563903409539
 12.73089010410768
 5.76230930442028
 16.76161885944348
 15.55831292498633
 17.45300250830702
 15.12040943285418
 9.913871802984808
 4.408478051256327
 3.745636184585068
 16.3111800592019
 5.137081065689012
 11.14804644481631
 2.46268853929154
 10.16144129044422
 19.76530166329072
 15.94176656719972
 13.61751908515647
 10.91076756413176
 15.38010905737248
 11.56943645308886
 16.40295589568652
 4.9555564494188
 15.46981469622088
 12.6848121557584
 12.5654184791106
 12.55108526026482
 9.379002566009657
 5.745852264522604
 12.94367494883338
 18.12765129004371
 13.71072878949686
 4.46309190678098
 16.31513226530175
 17.02942182104049
 10.19569421886924
 17.14670550396382
 8.240352693507905
 14.82210805530261
 3.570095030941403
 4.211331507785114
 4.424488656660476
 19.05927553199796
 16.89215132514173
 4.676865101081209
 17.99837516684102
 12.73052359368872
 13.52812804682537
 5.289168175865998
 5.727723238406611
 11.40612578541234
 22.71824003820112
 8.702628790168632
 5.793937254396852
 16.12005387643291
 15.64542114417842
 5.250951517969384
 11.45663813382011
 5.852508284476867
 5.678654513955268
 9.718016417159355
 12.56870246996313
 10.79598202611539
 3.588932558043658
 16.66228708051957
 21.78084487954741
 17.05498964334983
 11.28816256427571
 16.1968471615062
 3.699685072953051
 14.44725123025215
 20.78506134749911
 13.6583026453163
 16.98548011861352
 5.435079104430911
 13.46928854344271
 5.784300529200962
 5.565128380554908
 5.319307943908345
 5.246031485663231
 20.70908819035028
 5.696535887074107
 19.82139412424171
 19.96267970078677
 16.37291624911174
 16.11347326160454
 9.572668377354962
 18.40120969934059
 17.277530063203
 14.88871405280805
 10.02626432546582
 20.29186275274894
 16.23461903069492
 17.70199374733624
 17.82823419942092
 14.1801134662829
 13.19862064163851
 9.010778164260824
 17.58519625228493
 17.59547339585333
 17.25057473113601
 14.47969900732856
 14.72277880348745
 15.75324152796616
 11.64296542187289
 17.12892203918713
 14.67376851415104
 7.343426045370878
 16.62907856587148
 9.890587851308426
 17.98296125397184
 18.39363937527619
 13.13229316893839
 16.0428140411018
 17.54832443763024
 12.99902229298408
 13.28933330915014
 4.447405324096448
 18.90206441257821
 13.37744836135288
 4.652926125794224
 11.91767504309381
 16.30199309959097
 5.035835493921821
 4.067467751780089
 4.61643760346189
 4.598971871109831
 6.345332361412463
 11.28521408559202
 15.07079321955608
 11.84007380754777
 17.60090880152416
 21.15751782621626
 15.27632210256485
 12.47229947661288
 16.80774988145245
 20.80479259574642
 16.89305673623948
 16.71081333870619
 4.145700969513197
 15.78372161500019
 4.483092991647071
 7.20749188384114
 13.07976709633496
 17.1858684055933
 15.93152836696989
 10.87141558425073
 13.78966963307322
 17.56537029742992
 18.94818545676506
 17.37786571924411
 16.07985111810905
 10.77745860516413
 18.00187248939761
 18.41335973860049
 17.33769777872942
 2.97137884815599
 6.260902812238552
 19.12822563177487
 21.51463582475508
 13.87083783193581
 9.641464830404574
 14.58519315745645
 11.98958147342334
 14.75997448368483
 13.18927804509851
 14.0846130839924
 12.78440495258534
 18.99278972453929
 5.583900357001824
 5.35218293278558
 17.88306792468339
 5.506837235832008
 6.71331149938688
 18.51900029408359
 16.47813848915825
 11.96575410765565
 15.77658719829352
 4.460023093020989
 11.70980762977872
 13.49644703806835
 20.18279282588104
 13.88484598892492
 12.89517004080059
 14.11218885839707
 16.67999562001598
 20.97759964653446
 13.32852294375853
 15.01481818982131
 4.985798563497017
 15.27824904220821
 4.813136219306363
 5.764856471891658
 15.11880991856606
 8.886190072018914
 15.18101034991983
 13.12571027597123
 3.723368343436175
 4.995918905914278
 4.347984210244606
 4.382106514553676
 14.83343454161279
 17.80874336097444
 5.569254098494255
 13.63715100630015
 15.56117869686262
 2.754870144469208
 17.71231050251303
 6.394373180663642
 12.83719544532585
 12.6611484308958
 5.436334874597683
 7.50930637573083
 16.11401649911212
 19.40757685535431
 17.05433646970805
 7.328547134222308
 14.45199347608603
 16.04325121046467
 5.102837516620203
 3.789159918558149
 13.97366935183484
 11.0787554788483
 10.31380050793577
 3.551554821661091
 17.2814853124185
 11.1155252103607
 9.456592924903065
 17.16905625349
 2.884766330842798
 18.91075299652943
 14.75395905010374
 13.31067544618953
 5.983560359522201
 5.871679486757212
 12.30855485797942
 16.26352762217374
 13.53846975945909
 16.47804198744446
 4.886238055644228
 5.077934180430321
 14.92853167593459
 16.40517365469671
 4.363230574593352
 14.08771382462827
 20.10122752745533
 20.31742202369054
 12.74552958842461
 15.71606132249724
 19.67613420870203
 14.46624739636832
 15.44530452462289
 4.195312523840993
 16.37558389652317
 18.50492435828008
 16.31987885519439
 4.142635107948391
 17.5388214805674
 4.768380178130479
 18.89075275541434
 15.41444177929669
 12.41912825176856
 4.861522969827035
 11.0784858861702
 17.48709639937393
 4.287866507647455
 11.76997675183332
 15.75968185385793
 18.09801191447557
 11.94094337772341
 13.70182202428561
 10.67523340936756
 5.678424681022046
 4.417238924139192
 17.70189754462135
 18.44447852581376
 17.42453654442006
 3.560707822868802
 13.83799748828287
 14.46853227042216
 3.744320635880947
 14.72413136690271
 14.85585076815653
 2.85616149015925
 6.133253588217265
 17.12403110702137
 12.46452513795365
 16.18465204127906
 5.599545928145463
 6.539097694856363
 17.77935235504142
 15.10312867814247
 15.80556635932538
 5.023397309992832
 15.76132318265377
 22.06638067446504
 9.296444623553832
 14.1446993737182
 16.17504533541402
 4.215980593274526
 15.48303030652974
 4.042302803932301
 4.077182622057175
 5.4166856240771
 4.315189766645011
 4.639493342106404
 13.78274360178355
 5.266274804080414
 6.818954626638035
 12.45647082554217
 15.65334581219987
 16.99451425828831
 17.48850865483547
 21.47423740176658
 5.669137125150815
 20.3779262046947
 21.85097584521605
 4.445275390188703
 12.54332051853427
 16.71949949931503
 17.60039207539807
 18.56524733555466
 8.852615849507682
 6.178836001310473
 4.177517744089265
 14.71142270344994
 19.31611343949987
 12.94489220807151
 18.74253557079578
 15.22284817113601
 17.36098704109932
 13.86284119811876
 12.80721512959931
 5.809323555895357
 21.21009640213915
 5.505700404547477
 4.95624563399098
 10.7641317616799
 11.15488198667138
 14.89099809308793
 17.31062247613386
 2.918550034453569
 5.906558339998003
 5.001605829563732
 15.01854889443004
 16.68703667637951
 22.92581035116382
 9.697299696560718
 9.650622380658362
 22.36978778959947
 2.905910142749315
 17.10319630096168
 3.429585342112056
 12.79245435952033
 15.96281640807717
 5.458798856340298
 19.88925747530725
 16.29453001438126
 14.68293142051632
 15.71886582941669
 15.37702907443125
 14.72445645259646
 5.055448183232615
 17.0204601446404
 9.334305036806697
 12.71608624379833
 19.0279214541418
 21.0169635610643
 22.32835576933563
 14.19408724857087
 5.071958541839774
 3.668559827116468
 13.27220010672154
 16.1126613836815
 16.35849043713176
 3.060896213562891
 12.39269481879234
 18.35726864712257
 13.21194759818725
 20.21991777725141
 9.88878902360079
 12.45669976875687
 6.450523899450467
 16.08489594069644
 3.135668246697852
 14.45858049836446
 15.63838660323062
 13.00417476202622
 11.55313627767003
 12.45341721514741
 4.961560719915379
 14.00719364864055
 5.041323972536775
 15.33490673183358
 16.89659548087644
 14.07096372115475
 17.74140912508299
 5.517715803137227
 11.39672612655004
 14.80034152914867
 15.58060298811357
 14.22553496775892
 18.37552114033333
 4.812074686944297
 15.45931950375151
 10.39053160787297
 10.98556427956013
 4.142593965265451
 4.871137507257824
 12.96572581824242
 14.76792847541703
 5.559464347758026
